12.795603
5.8043914
57.714787
44.34297
20.5378
32.198612
6.136483
9.894219
7.630605
6.494555
17.285086
6.891149
105.5248
22.620068
12.783156
11.387203
4.6771693
8.4130945
5.57777
4.1248255
4.3663626
4.0544715
4.2499814
4.239855
2.6839411
3.921809
3.5588682
5.163462
5.1108074
5.484498
7.5603337
4.0518365
4.0102496
5.068036
8.663494
5.1979876
4.2371836
5.461336
5.0551457
4.34348
5.9238653
5.012282
3.5567048
4.6868434
5.008988
3.3467045
4.347802
4.0971684
5.012576
5.420228
4.5378823
4.8363676
6.2707753
3.9389126
4.776227
5.120597
6.693246
5.9139667
4.8295064
7.3753395
5.359923
5.333346
6.155371
4.7765236
4.58285
5.1463404
4.794142
5.0043917
4.6859565
5.9325247
5.8372264
4.4169245
6.9339952
5.611516
4.487516
6.438284
7.1090655
4.8964934
5.129213
6.483029
5.486464
5.2551265
5.3934655
4.4766283
6.6086283
5.309843
4.1035695
4.394462
5.0789685
4.582594
5.6092677
5.2468805
4.530556
5.2944407
5.173142
3.9336684
4.4402494
6.1011004
4.863708
5.4803276
4.9937596
4.4625278
4.132113
4.2605414
4.5438423
4.7046995
4.930562
5.84634
5.138165
4.5867457
5.535273
6.4610906
5.713631
5.243648
4.756661
5.127444
4.4623175
4.6961427
5.3390346
4.710389
5.9125767
5.2116666
4.7456193
4.7617526
4.886436
6.3104105
5.537042
5.727117
5.1323595
5.690672
4.43095
5.2959933
5.3954935
7.5297675
6.221066
6.1713123
6.2102976
6.939826
7.019066
6.478578
5.020002
6.349692
5.626052
6.898258
5.3476706
7.6013074
7.5137687
7.40529
4.612707
6.122468
5.416259
5.673551
5.8262153
4.984704
4.3893867
5.7110724
6.7340965
5.2199697
5.2810125
4.481128
5.243503
7.794664
4.892624
5.4990864
5.137794
6.023838
5.9541965
5.4243946
5.4973545
5.952023
5.9956756
5.785972
6.220167
6.114179
7.7749567
6.0170445
6.036133
6.870053
5.5566244
5.2784634
5.13827
5.6276712
6.0417094
7.5674415
5.5498986
7.0057483
5.901754
6.4915404
6.600147
5.086183
5.774814
4.7725997
5.2162995
4.983001
5.450495
4.8103094
5.531049
6.67988
5.848267
5.0045943
