5.790403
19.779997
8.645403
8.884165
11.042207
13.194149
9.242493
6.484586
7.568612
14.983231
18.810743
7.5163655
7.490204
11.501944
10.396753
11.216916
13.600187
8.292767
10.429361
10.862809
8.630295
7.6300683
10.315285
12.678898
5.7482204
8.438237
8.839497
7.0528207
5.8242383
12.794355
7.289565
9.095321
10.6689205
10.153144
6.882718
8.640151
6.4969077
9.327126
8.656375
6.5809307
8.601452
6.6981273
6.163043
6.817686
6.714103
6.969054
6.5257053
6.0956435
6.0537567
9.316498
9.490215
12.07539
15.414721
8.044949
10.646869
7.302688
14.825171
8.995937
9.216936
5.634384
7.121959
6.351202
10.673003
7.898861
5.79631
5.842708
6.202194
7.265424
5.7222996
8.081446
6.8702273
7.6845827
8.117869
7.4103575
11.393328
10.241499
10.157584
9.507103
8.341929
6.246946
5.454709
12.250521
10.882617
10.022012
6.3623753
6.8558908
7.444015
5.820126
6.3760805
8.379755
7.2276187
8.43713
11.600696
7.511093
9.09652
7.640536
8.739037
7.8984184
7.744091
8.6174135
6.34459
7.304951
6.7077727
6.7324758
5.692409
6.098579
6.5691
8.16639
6.436048
10.19574
5.9285846
6.04159
6.8238387
5.822246
5.5508733
7.6096087
5.9080915
6.396491
5.821988
10.702131
5.7567205
6.1893463
6.650176
5.3603563
7.3555627
4.960452
6.241313
7.4200597
5.468348
7.7708106
7.528211
8.149267
7.8440614
5.5387483
6.4019294
8.044191
8.105398
6.437516
8.155694
6.356276
6.565713
6.2696753
8.373953
7.552432
6.544669
5.6329904
5.651499
6.5532293
6.821318
5.391047
7.596756
7.0560527
7.595871
8.335051
6.671154
8.0282755
7.666875
6.7246737
8.087275
7.949274
7.039829
7.0667243
7.2028055
7.951857
8.481089
6.3411155
8.262902
7.0743036
5.4817224
6.52015
7.599184
5.9518
6.517395
6.309943
7.4789157
7.862804
7.1952267
4.9009113
8.7943125
9.762563
7.869286
7.482372
6.5366225
6.115283
8.74984
7.049731
6.391596
8.880908
7.18221
6.488607
6.894662
7.3366666
7.267132
6.3201647
6.290467
8.223176
9.324306
8.552615
8.782553
9.475253
7.7843347
8.857458
7.0374694
8.108286
8.120753
9.076198
7.625762
9.602719
6.230796
8.680471
6.5406327
5.77847
5.9536576
6.505981
6.5408335
7.3999724
6.8400006
6.860029
7.636315
8.150299
6.388297
10.371214
7.431346
9.538022
6.9671764
8.343359
9.26224
8.018847
7.8096366
7.7447577
6.7588754
11.102603
6.9215364
6.698981
8.752418
6.642095
7.5916057
9.746606
8.481802
7.926762
7.811022
10.346177
8.530294
8.743263
8.477052
9.011056
8.985731
7.133907
7.750003
8.742552
10.209951
9.465878
9.351904
8.15863
8.080373
10.9228945
9.94081
6.5505276
10.913159
7.4226465
8.716297
7.607077
7.4874744
10.183709
8.133444
10.306646
8.415978
6.904354
9.6522875
6.398411
10.178437
9.859617
8.124434
7.90863
7.6083713
8.128028
7.846243
9.974716
8.48685
9.954758
9.190486
7.8915963
8.252672
7.332008
8.356942
8.058457
9.494173
8.350653
8.128028
10.121871
9.977015
8.317616
7.5082235
11.234873
8.889469
7.9587464
8.460667
9.717413
11.4457035
7.506909
10.2834015
12.0853615
9.433451
9.903938
9.056076
11.808995
9.281731
6.931754
7.3180356
10.621702
9.6983795
9.242435
8.410114
9.934316
9.59336
8.88208
9.546413
11.108753
8.318387
10.285836
8.716206
13.177974
13.989868
13.097293
10.2677965
10.947198
10.149183
11.88641
11.84617
10.484684
12.031071
6.946355
8.835172
8.221044
8.643536
8.628172
11.164636
10.025821
9.6166315
10.469122
11.534645
12.74218
13.221822
8.040317
8.744055
11.198385
9.055222
11.069477
12.323477
10.30788
13.7913265
8.678814
7.3001046
9.039004
9.807294
8.26044
9.236854
10.948404
11.48546
10.567314
10.028732
10.453632
11.1164
8.896532
11.104751
10.269529
11.047151
11.150265
9.297506
8.392724
8.628985
12.026253
10.250796
12.509687
12.752936
9.079014
8.231087
9.869094
13.479507
11.195174
11.895178
11.77505
11.439991
11.009019
9.548341
8.626376
11.3724
10.368641
12.858366
9.804617
14.231526
12.948072
12.185463
10.948404
10.863607
8.346414
8.840814
9.155039
9.836063
12.109854
14.974041
12.743685
12.105118
11.126476
12.063746
12.988824
13.933127
12.18573
11.875728
14.113519
19.362171
8.97954
14.021517
12.5924835
13.080264
12.745173
14.030345
12.630217
14.80759
12.041902
11.847772
9.292047
9.809185
12.034501
11.694747
16.786512
13.160074
12.549534
11.190464
8.836545
13.134997
8.88263
13.931194
12.6067705
10.394338
13.905921
14.016933
14.349128
15.270015
12.155043
12.060554
16.65529
15.690323
12.89623
12.996048
13.137913
13.635147
13.032928
13.178624
11.855141
14.090166
13.680091
9.568371
7.1071396
8.73463
9.970873
10.278254
14.074201
13.093808
13.965293
13.596164
13.67799
12.774759
11.494361
12.708298
8.938563
6.863834
8.745898
13.073878
9.571436
11.033953
14.441176
16.827204
12.754384
8.647564
12.421404
11.886885
12.077266
13.274286
18.585821
12.692386
10.736531
12.857815
15.942446
18.419594
11.604236
12.19208
10.461581
15.150858
12.803668
15.805735
9.400552
9.586195
11.625258
16.185324
16.7165
16.981571
17.401608
19.657001
12.260237
11.065028
11.590037
15.786156
23.96358
19.922104
17.810778
18.941526
11.588853
7.846523
14.668779
14.123162
9.78028
11.274793
12.85855
14.826221
14.661678
9.590537
7.7593975
15.913548
9.6130495
9.995695
11.373898
14.612271
14.675145
9.293145
8.977627
13.23286
8.600291
14.406648
9.845659
11.958975
11.546526
11.711296
11.882263
17.334747
16.473713
10.375834
11.47025
14.97658
19.574347
14.334992
14.973127
14.836397
14.825655
8.8017
11.061615
11.021425
12.155367
14.464097
11.274416
9.956078
13.601874
12.674163
12.901545
12.838412
7.7344904
10.583803
15.641223
11.078359
9.503089
9.893766
9.746446
10.775749
13.569227
15.322603
13.253093
16.992811
14.68523
12.55198
11.673136
11.939271
11.585258
12.926138
13.382277
8.551394
9.210468
8.53194
14.308494
15.141931
12.933412
14.329832
13.996066
15.083525
17.263174
16.767778
16.933367
13.343188
11.510517
11.548528
14.189929
8.740677
8.636554
12.032995
12.2808
13.988436
21.944744
12.494611
12.054468
13.480664
13.434667
17.008984
9.819685
13.673729
11.959464
15.790312
13.05384
7.2041903
8.248517
10.0525
11.23868
11.918231
13.152145
13.566604
9.8292465
11.016722
10.351624
16.760454
9.241285
11.636185
16.969759
17.535332
13.667051
15.612515
14.386466
17.660748
11.386553
13.379466
11.973925
14.114289
15.328303
16.925013
11.662065
11.83061
11.039244
10.70098
11.936491
14.611619
14.086427
9.344414
10.354991
9.500117
13.312392
10.117463
9.055111
9.69462
10.351005
11.263253
11.792463
13.874929
14.066995
14.175989
14.493487
13.793934
11.429912
12.238178
11.35531
9.550782
9.829099
9.663113
10.300704
11.589964
10.2463255
10.348036
10.541193
10.782444
12.057949
11.6617985
12.616452
13.421248
12.020044
12.2095
12.16805
12.352433
10.880767
10.534512
10.915174
10.779827
11.534439
11.291506
10.733955
9.840211
9.479446
7.789059
12.578231
8.738669
9.41646
7.1316032
8.668074
13.041351
9.562651
10.5359335
9.667062
11.714417
10.981223
11.093998
11.657197
12.060749
12.6858425
13.809472
15.82769
15.669962
13.644749
11.363171
12.500866
11.204148
11.549563
12.264262
11.279436
12.622789
14.501209
13.222213
12.681881
9.719166
11.056906
8.078817
12.092987
9.048919
8.752943
9.651448
11.505342
11.382631
11.619028
12.381583
11.897926
10.982228
10.494452
10.293464
13.463749
14.443154
13.6061945
14.907088
15.821483
16.041004
17.196827
17.180546
15.259047
8.182096
12.347404
10.818382
9.12643
10.167499
8.803786
12.851096
12.849785
14.224609
14.027829
14.606605
10.194807
15.6587105
10.712289
9.0649805
9.645128
9.4941025
9.532891
10.611486
12.000372
11.873154
9.131215
9.939853
9.731483
10.02105
9.379963
9.88456
10.557553
11.398559
8.91461
11.794582
14.183355
9.690591
10.403255
11.022689
11.173432
10.249667
10.850494
10.552098
10.100543
9.2098675
10.079342
10.395787
10.447711
8.698336
12.006478
11.846699
10.293564
10.345282
10.804031
12.402765
14.392367
13.478707
12.757857
12.771236
11.421418
11.516932
10.829936
9.889614
16.002884
9.415237
8.627617
10.695442
9.390651
9.912771
11.576222
12.162678
15.023616
12.0335865
12.913827
13.169666
15.845441
16.05294
14.375802
14.432532
13.040531
13.446202
13.506043
12.359444
12.33008
13.546416
14.119601
14.651282
14.427471
14.398229
15.354425
16.069027
12.46792
11.03031
7.537178
10.457104
10.6393175
12.218877
13.410966
9.237484
15.566171
12.315785
8.294722
10.07686
10.372313
11.985539
13.709606
12.576192
11.859783
10.748476
10.377343
10.452674
9.944223
8.371562
7.415515
9.984522
13.4904995
9.000404
13.645835
9.845603
7.017283
13.072457
11.18625
9.464145
9.538212
9.782665
9.641165
9.159209
8.631032
8.968524
9.152276
9.086453
9.440429
12.122669
12.811876
8.725178
8.436852
9.154541
8.589888
9.147137
9.588384
10.635658
11.384256
11.161744
13.522692
11.277537
9.752592
8.982975
8.512776
8.125893
7.658619
7.6974683
8.09226
8.603817
13.940012
11.2779455
13.898868
14.418652
10.575637
10.041428
10.856611
11.884667
12.402903
11.9144745
11.110316
11.441512
13.268316
12.412055
11.47998
11.452926
11.810247
13.167868
12.037135
11.633865
11.643814
13.640357
13.257454
15.923207
17.224857
15.0662155
10.151773
12.476235
13.281295
16.707552
15.097031
12.071145
12.217109
11.2933855
9.895178
9.1387615
9.02853
10.610176
12.583238
9.742743
11.662814
11.231075
12.540579
13.741368
10.888278
12.286291
12.527297
10.5979185
9.760612
13.862337
10.077244
9.618677
8.994099
12.009245
9.458589
13.417189
12.444109
11.807177
11.778236
10.88039
11.228677
11.7968235
10.246351
8.611526
7.96617
7.5625086
7.287229
10.446888
10.981288
18.934639
13.9013195
23.519249
17.893553
10.428153
15.27343
15.564479
16.525883
12.238854
10.750593
11.9632635
12.760797
14.715403
13.0489
12.388079
8.974369
11.09304
9.433618
8.853656
8.704522
8.74327
9.863253
9.665918
8.765368
8.419542
8.290795
13.173641
8.726465
10.031243
13.466477
11.731444
11.76589
21.774025
12.097399
10.580272
11.822225
12.451532
12.575952
12.592575
14.172437
14.146388
12.055396
10.645981
10.714013
11.927578
12.831771
