10.563591
36.385254
10.049585
18.684706
9.070458
5.301741
4.501412
5.693594
7.8961134
20.315874
24.784132
6.4790883
6.9456797
10.739039
15.545757
7.901222
6.251671
3.0963535
4.9080095
4.6754837
5.451371
3.3670635
4.1609607
4.2051387
4.0576224
4.8309836
6.0429273
3.906391
3.8058856
3.6390607
5.0255427
5.2966394
4.274393
5.8520193
4.492545
7.288367
6.354439
4.9901466
6.38505
4.03731
3.4231427
4.3642626
5.124226
4.3444963
3.7771904
5.470302
3.25934
4.534945
4.8891807
3.7056105
4.16202
3.7891119
4.227595
3.2429464
4.5176597
7.160371
3.9448903
6.447879
3.9402666
4.718756
5.4452505
6.482677
4.7979074
4.8284626
4.8856916
5.8726053
4.2784133
5.8336883
6.0258293
5.737494
4.3001666
5.6486483
6.9317966
4.7911763
5.258712
7.1159954
6.118434
6.108982
6.610436
5.6463284
5.6910157
6.500825
5.9614263
7.8424125
6.1070037
6.197464
7.7672505
11.304065
6.4055414
7.162812
6.6563635
7.123468
9.76619
10.137781
8.756481
7.8750815
6.9842834
7.88261
9.166905
9.115539
7.537369
8.144877
7.643329
6.3873444
6.9039307
7.598425
9.327356
7.492912
7.106263
6.978804
6.514056
7.320517
9.289358
7.635393
6.4494643
5.6406865
5.4263887
5.5859895
6.286076
5.691024
7.351966
6.7258096
6.5711775
7.0666437
9.193953
6.073958
7.297492
7.2839594
9.143931
7.984407
5.9442363
7.4677114
8.192597
11.326255
8.064311
7.3718486
7.4246817
7.2068114
7.437382
6.4856906
4.1242933
7.7668877
6.319304
5.692755
7.368244
6.2539215
6.8528547
7.6861215
6.0449705
6.6587596
6.0735555
5.5799756
8.907734
7.608013
7.229436
6.7230787
6.867504
8.458893
6.8539853
6.624773
5.292024
6.3776207
5.991015
5.7187653
5.635595
7.535913
5.701134
4.980663
6.9981127
7.896564
5.939799
6.544794
7.671574
6.1513786
6.5638046
5.746512
7.249031
5.836248
5.9589076
6.1739664
5.0625
6.778123
6.3906035
5.4771695
5.728484
5.2701173
6.097562
6.030909
8.743305
7.6496186
6.7608128
5.1781654
4.1224265
5.9725413
6.390115
4.969609
4.577644
5.9866858
5.8863754
5.481731
