15.737397
6.1242647
6.116622
10.680038
10.680464
10.677567
10.677379
10.678269
10.680007
10.680982
10.677114
10.678824
10.676416
10.675571
10.677832
10.672625
10.674624
10.672655
10.6712885
10.672284
10.670291
10.670248
10.667984
10.663464
10.662881
10.659996
10.662957
10.657569
10.654934
10.64744
10.647591
10.64186
10.644514
10.640679
10.628491
10.62591
10.612149
10.608702
10.603884
10.592609
10.577512
10.569596
10.558072
10.544229
10.528511
10.503767
10.482697
10.459083
10.425286
10.394781
10.362257
10.313229
10.267756
10.21602
10.137382
10.066439
10.000806
9.855533
9.775503
30.575481
30.566313
30.566292
30.571213
30.56471
30.561256
30.616508
25.341026
15.401232
28.299381
7.495326
7.9456277
12.253688
22.615261
17.998032
21.264284
43.489464
11.285228
25.952057
7.3088446
17.048609
15.626827
10.137001
21.45869
9.104613
30.911469
20.596992
11.948976
6.729028
8.9239235
4.459591
4.5388165
5.0882225
4.4063516
3.8202744
6.1816783
5.5893445
4.1674604
4.3292556
3.8277283
4.048716
4.347338
4.9941278
4.5739455
4.540064
3.6257231
3.0538967
4.0976114
4.896477
3.93473
5.240739
4.533723
4.373229
4.213689
3.7838557
4.4299264
3.617592
4.87884
3.8985548
4.661894
3.7077131
4.3562956
5.024333
5.2082567
5.828025
4.3681755
4.145077
4.4435744
4.8117814
5.2233872
5.114112
4.0483336
4.876443
5.234217
6.119661
4.347415
5.88904
7.1438212
5.490599
5.9687133
4.704967
5.5399566
6.122544
5.247791
5.5938244
5.4330153
5.112705
5.360083
6.4738493
5.8531923
5.371928
6.0371957
5.9344444
4.327877
5.831434
4.4187703
4.0890474
5.2749662
5.217393
5.3792114
4.8427453
5.1800547
5.157335
4.4437323
5.099227
4.8060474
4.6542478
6.593867
5.7882442
5.2593656
4.5806217
5.9922442
6.636023
5.858283
5.2839036
4.734959
4.08382
6.078083
5.69041
5.0739326
5.7444425
4.189539
5.9302893
5.78817
5.6957345
6.07619
5.1374664
4.034032
4.370261
6.8093786
5.2638965
6.03459
5.2891974
5.730237
6.1774564
5.160583
5.1545763
5.9478054
4.8908277
4.806145
6.1690526
